 F
       11198       37191           3         800
   -0.198754868119517801E+04   -0.197824899346089092E+04
 T
   2
    0.200000000000000000E+01    0.300000000000000000E+01    0.982500000000000040E+00    0.175000000000000017E-01
   0
   0
 T T     0           0
    0.000000000000000000E+00   -0.100000000000000002+101    0.000000000000000000E+00
 T F     1         786
    0.222833031930318813E-05   -0.198756671941610830E+04   -0.197824987818281556E+04
 T F     1          14
    0.434978468380722393E-07   -0.199157294913544820E+04   -0.197820038721227752E+04
